   5.0723000e+01   7.8854000e+01   7.2787000e+01
   8.2691000e+01   7.3985000e+01   2.4561000e+01
   6.9172000e+01   4.0871000e+01   1.9776000e+01
   8.9572000e+01   8.6604000e+01   5.5727000e+01
   2.3487000e+01   7.3170000e+01   8.5767000e+01
   9.8330000e+00   8.7672000e+01   1.9960000e+01
   4.9226000e+01   4.1577000e+01   2.5401000e+01
   8.3996000e+01   3.5165000e+01   8.9840000e+00
   4.0623000e+01   7.2535000e+01   2.9914000e+01
   7.7777000e+01   4.7718000e+01   3.3938000e+01
   8.5820000e+01   7.7500000e-01   1.7134000e+01
   8.9684000e+01   8.6937000e+01   8.3490000e+01
   1.4198000e+01   2.5553000e+01   4.3120000e+00
   5.7540000e+01   8.5863000e+01   7.2471000e+01
   2.0051000e+01   3.3812000e+01   2.2676000e+01
   8.8357000e+01   6.4064000e+01   2.1891000e+01
   8.7320000e+00   5.3144000e+01   6.7711000e+01
   5.9262000e+01   7.1236000e+01   7.1476000e+01
   1.5884000e+01   1.8729000e+01   6.8634000e+01
   7.3120000e+00   3.1307000e+01   7.7492000e+01
   1.6834000e+01   5.1725000e+01   9.1740000e+00
   2.1693000e+01   5.2443000e+01   6.2179000e+01
   7.2810000e+00   8.2265000e+01   8.9753000e+01
   1.7040000e+01   1.3632000e+01   8.4930000e+01
   2.4528000e+01   5.9304000e+01   7.5943000e+01
   1.6054000e+01   6.6060000e+01   2.8021000e+01
   8.4952000e+01   8.8788000e+01   9.6400000e-01
   8.9951000e+01   8.6977000e+01   8.5864000e+01
   8.8827000e+01   8.8660000e+01   2.0965000e+01
   8.5754000e+01   8.9586000e+01   6.2086000e+01
   3.1970000e+00   8.8956000e+01   5.4178000e+01
   3.5012000e+01   7.5932000e+01   3.0870000e+00
   4.3197000e+01   8.1815000e+01   2.8291000e+01
   4.6369000e+01   8.4691000e+01   6.3904000e+01
   1.4574000e+01   1.8210000e+01   7.5690000e+01
   5.8696000e+01   5.0112000e+01   2.7016000e+01
   8.8434000e+01   2.5524000e+01   6.6830000e+00
   2.6010000e+00   6.2974000e+01   8.5399000e+01
   9.7640000e+00   2.8435000e+01   3.1397000e+01
   3.9615000e+01   7.6079000e+01   6.1286000e+01
   2.4745000e+01   4.3785000e+01   6.4390000e+01
   8.7995000e+01   8.7660000e+01   1.0756000e+01
   8.6427000e+01   6.3419000e+01   7.4962000e+01
   1.0849000e+01   3.3550000e+01   7.9491000e+01
   1.2690000e+00   5.2200000e+01   7.3858000e+01
   4.8852000e+01   7.5195000e+01   7.2207000e+01
   1.0930000e+00   8.8451000e+01   8.3466000e+01
   5.1536000e+01   4.1254000e+01   5.1492000e+01
   8.9272000e+01   8.9346000e+01   4.9600000e+00
   1.5357000e+01   7.8796000e+01   2.7630000e+00
   1.9310000e+00   7.8722000e+01   8.8105000e+01
   3.4435000e+01   7.3799000e+01   6.9908000e+01
   8.3988000e+01   8.6450000e+01   5.5299000e+01
   6.3723000e+01   8.1355000e+01   1.6985000e+01
   8.0159000e+01   1.8548000e+01   1.8381000e+01
   9.9840000e+00   5.5101000e+01   2.3040000e+00
   3.9250000e+01   7.1869000e+01   6.4761000e+01
   2.5382000e+01   6.9115000e+01   8.6185000e+01
   5.2600000e+00   6.1452000e+01   1.1687000e+01
   6.0950000e+00   1.4888000e+01   7.0600000e-01
   1.1140000e+01   2.1808000e+01   7.9186000e+01
   2.6310000e+00   6.4264000e+01   4.7930000e+00
   7.3230000e+00   5.7967000e+01   7.3120000e+00
   7.0144000e+01   2.2853000e+01   2.7387000e+01
   1.8710000e+01   6.5360000e+00   5.8551000e+01
   3.0197000e+01   6.0835000e+01   1.1396000e+01
   8.7078000e+01   3.6465000e+01   2.6217000e+01
   7.6470000e+00   1.1958000e+01   7.7893000e+01
   1.9856000e+01   8.2166000e+01   2.1377000e+01
   9.4200000e-01   6.2589000e+01   7.9760000e+00
   8.9654000e+01   8.5061000e+01   7.9710000e+00
   6.2900000e-01   7.5704000e+01   3.0084000e+01
   8.0584000e+01   7.2662000e+01   6.0569000e+01
   8.5960000e+01   8.8753000e+01   7.7887000e+01
   3.2166000e+01   6.8838000e+01   7.0845000e+01
   1.2440000e+01   1.1343000e+01   8.4584000e+01
   4.4330000e+00   6.2670000e+01   8.9039000e+01
   9.2730000e+00   8.2730000e+00   7.9310000e+01
   1.3536000e+01   1.6004000e+01   8.2806000e+01
   6.2061000e+01   1.1745000e+01   2.1408000e+01
   8.3685000e+01   8.6262000e+01   1.7757000e+01
   7.3259000e+01   3.3844000e+01   2.3141000e+01
   8.1345000e+01   7.9106000e+01   3.0507000e+01
   1.2602000e+01   7.3880000e+00   7.5443000e+01
   7.2550000e+01   6.8448000e+01   5.0953000e+01
   5.5746000e+01   7.2390000e+01   6.4591000e+01
   4.3186000e+01   2.3514000e+01   4.5007000e+01
   4.3384000e+01   5.9533000e+01   6.6291000e+01
   3.9690000e+00   6.3127000e+01   7.8428000e+01
   8.0431000e+01   8.6390000e+01   8.8940000e+00
   8.0244000e+01   2.7552000e+01   6.5552000e+01
   3.4880000e+00   4.5009000e+01   1.9779000e+01
   6.8540000e+01   1.3248000e+01   4.0181000e+01
   8.9978000e+01   8.5368000e+01   2.1984000e+01
   3.1600000e-01   8.0449000e+01   8.6482000e+01
   8.0156000e+01   8.9243000e+01   2.1169000e+01
   8.5590000e+00   7.0781000e+01   1.1346000e+01
   2.0751000e+01   8.1375000e+01   1.4365000e+01
   7.8404000e+01   8.5458000e+01   7.9400000e-01
   1.0531000e+01   7.5903000e+01   8.8857000e+01
   8.4435000e+01   8.0557000e+01   2.3369000e+01
   5.6669000e+01   8.2214000e+01   3.3457000e+01
   3.2400000e-01   6.6808000e+01   7.6561000e+01
   5.8120000e+00   3.0279000e+01   8.0931000e+01
   8.9099000e+01   8.9169000e+01   3.4470000e+00
   4.3422000e+01   6.2111000e+01   1.9309000e+01
   8.2543000e+01   5.2379000e+01   3.7204000e+01
   1.1728000e+01   1.7916000e+01   7.7423000e+01
   4.6700000e-01   3.4390000e+00   1.8730000e+00
   1.4557000e+01   3.1525000e+01   5.7845000e+01
   8.9180000e+00   5.5590000e+01   7.8969000e+01
   4.9671000e+01   7.0310000e+01   6.9224000e+01
   1.1503000e+01   1.0455000e+01   8.5982000e+01
   4.9391000e+01   7.7577000e+01   7.4580000e+01
   8.6355000e+01   8.9904000e+01   8.3235000e+01
   1.0286000e+01   1.5587000e+01   4.1373000e+01
   8.2048000e+01   8.3896000e+01   7.8662000e+01
   7.0600000e+01   6.3650000e+00   2.5725000e+01
   8.3828000e+01   8.9862000e+01   8.4482000e+01
   9.3900000e-01   7.8683000e+01   8.7179000e+01
   3.0051000e+01   8.4410000e+01   7.7703000e+01
   2.3674000e+01   2.6693000e+01   7.3355000e+01
   1.9955000e+01   6.9261000e+01   8.0049000e+01
   1.2646000e+01   8.4167000e+01   8.7407000e+01
   1.7360000e+00   8.2491000e+01   5.3560000e+00
   2.3072300e+02   7.8854000e+01   7.2787000e+01
   2.6269100e+02   7.3985000e+01   2.4561000e+01
   2.4917200e+02   4.0871000e+01   1.9776000e+01
   2.6957200e+02   8.6604000e+01   5.5727000e+01
   2.0348700e+02   7.3170000e+01   8.5767000e+01
   1.8983300e+02   8.7672000e+01   1.9960000e+01
   2.2922600e+02   4.1577000e+01   2.5401000e+01
   2.6399600e+02   3.5165000e+01   8.9840000e+00
   2.2062300e+02   7.2535000e+01   2.9914000e+01
   2.5777700e+02   4.7718000e+01   3.3938000e+01
   2.6582000e+02   7.7500000e-01   1.7134000e+01
   2.6968400e+02   8.6937000e+01   8.3490000e+01
   1.9419800e+02   2.5553000e+01   4.3120000e+00
   2.3754000e+02   8.5863000e+01   7.2471000e+01
   2.0005100e+02   3.3812000e+01   2.2676000e+01
   2.6835700e+02   6.4064000e+01   2.1891000e+01
   1.8873200e+02   5.3144000e+01   6.7711000e+01
   2.3926200e+02   7.1236000e+01   7.1476000e+01
   1.9588400e+02   1.8729000e+01   6.8634000e+01
   1.8731200e+02   3.1307000e+01   7.7492000e+01
   1.9683400e+02   5.1725000e+01   9.1740000e+00
   2.0169300e+02   5.2443000e+01   6.2179000e+01
   1.8728100e+02   8.2265000e+01   8.9753000e+01
   1.9704000e+02   1.3632000e+01   8.4930000e+01
   2.0452800e+02   5.9304000e+01   7.5943000e+01
   1.9605400e+02   6.6060000e+01   2.8021000e+01
   2.6495200e+02   8.8788000e+01   9.6400000e-01
   2.6995100e+02   8.6977000e+01   8.5864000e+01
   2.6882700e+02   8.8660000e+01   2.0965000e+01
   2.6575400e+02   8.9586000e+01   6.2086000e+01
   1.8319700e+02   8.8956000e+01   5.4178000e+01
   2.1501200e+02   7.5932000e+01   3.0870000e+00
   2.2319700e+02   8.1815000e+01   2.8291000e+01
   2.2636900e+02   8.4691000e+01   6.3904000e+01
   1.9457400e+02   1.8210000e+01   7.5690000e+01
   2.3869600e+02   5.0112000e+01   2.7016000e+01
   2.6843400e+02   2.5524000e+01   6.6830000e+00
   1.8260100e+02   6.2974000e+01   8.5399000e+01
   1.8976400e+02   2.8435000e+01   3.1397000e+01
   2.1961500e+02   7.6079000e+01   6.1286000e+01
   2.0474500e+02   4.3785000e+01   6.4390000e+01
   2.6799500e+02   8.7660000e+01   1.0756000e+01
   2.6642700e+02   6.3419000e+01   7.4962000e+01
   1.9084900e+02   3.3550000e+01   7.9491000e+01
   1.8126900e+02   5.2200000e+01   7.3858000e+01
   2.2885200e+02   7.5195000e+01   7.2207000e+01
   1.8109300e+02   8.8451000e+01   8.3466000e+01
   2.3153600e+02   4.1254000e+01   5.1492000e+01
   2.6927200e+02   8.9346000e+01   4.9600000e+00
   1.9535700e+02   7.8796000e+01   2.7630000e+00
   1.8193100e+02   7.8722000e+01   8.8105000e+01
   2.1443500e+02   7.3799000e+01   6.9908000e+01
   2.6398800e+02   8.6450000e+01   5.5299000e+01
   2.4372300e+02   8.1355000e+01   1.6985000e+01
   2.6015900e+02   1.8548000e+01   1.8381000e+01
   1.8998400e+02   5.5101000e+01   2.3040000e+00
   2.1925000e+02   7.1869000e+01   6.4761000e+01
   2.0538200e+02   6.9115000e+01   8.6185000e+01
   1.8526000e+02   6.1452000e+01   1.1687000e+01
   1.8609500e+02   1.4888000e+01   7.0600000e-01
   1.9114000e+02   2.1808000e+01   7.9186000e+01
   1.8263100e+02   6.4264000e+01   4.7930000e+00
   1.8732300e+02   5.7967000e+01   7.3120000e+00
   2.5014400e+02   2.2853000e+01   2.7387000e+01
   1.9871000e+02   6.5360000e+00   5.8551000e+01
   2.1019700e+02   6.0835000e+01   1.1396000e+01
   2.6707800e+02   3.6465000e+01   2.6217000e+01
   1.8764700e+02   1.1958000e+01   7.7893000e+01
   1.9985600e+02   8.2166000e+01   2.1377000e+01
   1.8094200e+02   6.2589000e+01   7.9760000e+00
   2.6965400e+02   8.5061000e+01   7.9710000e+00
   1.8062900e+02   7.5704000e+01   3.0084000e+01
   2.6058400e+02   7.2662000e+01   6.0569000e+01
   2.6596000e+02   8.8753000e+01   7.7887000e+01
   2.1216600e+02   6.8838000e+01   7.0845000e+01
   1.9244000e+02   1.1343000e+01   8.4584000e+01
   1.8443300e+02   6.2670000e+01   8.9039000e+01
   1.8927300e+02   8.2730000e+00   7.9310000e+01
   1.9353600e+02   1.6004000e+01   8.2806000e+01
   2.4206100e+02   1.1745000e+01   2.1408000e+01
   2.6368500e+02   8.6262000e+01   1.7757000e+01
   2.5325900e+02   3.3844000e+01   2.3141000e+01
   2.6134500e+02   7.9106000e+01   3.0507000e+01
   1.9260200e+02   7.3880000e+00   7.5443000e+01
   2.5255000e+02   6.8448000e+01   5.0953000e+01
   2.3574600e+02   7.2390000e+01   6.4591000e+01
   2.2318600e+02   2.3514000e+01   4.5007000e+01
   2.2338400e+02   5.9533000e+01   6.6291000e+01
   1.8396900e+02   6.3127000e+01   7.8428000e+01
   2.6043100e+02   8.6390000e+01   8.8940000e+00
   2.6024400e+02   2.7552000e+01   6.5552000e+01
   1.8348800e+02   4.5009000e+01   1.9779000e+01
   2.4854000e+02   1.3248000e+01   4.0181000e+01
   2.6997800e+02   8.5368000e+01   2.1984000e+01
   1.8031600e+02   8.0449000e+01   8.6482000e+01
   2.6015600e+02   8.9243000e+01   2.1169000e+01
   1.8855900e+02   7.0781000e+01   1.1346000e+01
   2.0075100e+02   8.1375000e+01   1.4365000e+01
   2.5840400e+02   8.5458000e+01   7.9400000e-01
   1.9053100e+02   7.5903000e+01   8.8857000e+01
   2.6443500e+02   8.0557000e+01   2.3369000e+01
   2.3666900e+02   8.2214000e+01   3.3457000e+01
   1.8032400e+02   6.6808000e+01   7.6561000e+01
   1.8581200e+02   3.0279000e+01   8.0931000e+01
   2.6909900e+02   8.9169000e+01   3.4470000e+00
   2.2342200e+02   6.2111000e+01   1.9309000e+01
   2.6254300e+02   5.2379000e+01   3.7204000e+01
   1.9172800e+02   1.7916000e+01   7.7423000e+01
   1.8046700e+02   3.4390000e+00   1.8730000e+00
   1.9455700e+02   3.1525000e+01   5.7845000e+01
   1.8891800e+02   5.5590000e+01   7.8969000e+01
   2.2967100e+02   7.0310000e+01   6.9224000e+01
   1.9150300e+02   1.0455000e+01   8.5982000e+01
   2.2939100e+02   7.7577000e+01   7.4580000e+01
   2.6635500e+02   8.9904000e+01   8.3235000e+01
   1.9028600e+02   1.5587000e+01   4.1373000e+01
   2.6204800e+02   8.3896000e+01   7.8662000e+01
   2.5060000e+02   6.3650000e+00   2.5725000e+01
   2.6382800e+02   8.9862000e+01   8.4482000e+01
   1.8093900e+02   7.8683000e+01   8.7179000e+01
   2.1005100e+02   8.4410000e+01   7.7703000e+01
   2.0367400e+02   2.6693000e+01   7.3355000e+01
   1.9995500e+02   6.9261000e+01   8.0049000e+01
   1.9264600e+02   8.4167000e+01   8.7407000e+01
   1.8173600e+02   8.2491000e+01   5.3560000e+00
   3.0927700e+02   1.0114600e+02   2.5278700e+02
   2.7730900e+02   1.0601500e+02   2.0456100e+02
   2.9082800e+02   1.3912900e+02   1.9977600e+02
   2.7042800e+02   9.3396000e+01   2.3572700e+02
   3.3651300e+02   1.0683000e+02   2.6576700e+02
   3.5016700e+02   9.2328000e+01   1.9996000e+02
   3.1077400e+02   1.3842300e+02   2.0540100e+02
   2.7600400e+02   1.4483500e+02   1.8898400e+02
   3.1937700e+02   1.0746500e+02   2.0991400e+02
   2.8222300e+02   1.3228200e+02   2.1393800e+02
   2.7418000e+02   1.7922500e+02   1.9713400e+02
   2.7031600e+02   9.3063000e+01   2.6349000e+02
   3.4580200e+02   1.5444700e+02   1.8431200e+02
   3.0246000e+02   9.4137000e+01   2.5247100e+02
   3.3994900e+02   1.4618800e+02   2.0267600e+02
   2.7164300e+02   1.1593600e+02   2.0189100e+02
   3.5126800e+02   1.2685600e+02   2.4771100e+02
   3.0073800e+02   1.0876400e+02   2.5147600e+02
   3.4411600e+02   1.6127100e+02   2.4863400e+02
   3.5268800e+02   1.4869300e+02   2.5749200e+02
   3.4316600e+02   1.2827500e+02   1.8917400e+02
   3.3830700e+02   1.2755700e+02   2.4217900e+02
   3.5271900e+02   9.7735000e+01   2.6975300e+02
   3.4296000e+02   1.6636800e+02   2.6493000e+02
   3.3547200e+02   1.2069600e+02   2.5594300e+02
   3.4394600e+02   1.1394000e+02   2.0802100e+02
   2.7504800e+02   9.1212000e+01   1.8096400e+02
   2.7004900e+02   9.3023000e+01   2.6586400e+02
   2.7117300e+02   9.1340000e+01   2.0096500e+02
   2.7424600e+02   9.0414000e+01   2.4208600e+02
   3.5680300e+02   9.1044000e+01   2.3417800e+02
   3.2498800e+02   1.0406800e+02   1.8308700e+02
   3.1680300e+02   9.8185000e+01   2.0829100e+02
   3.1363100e+02   9.5309000e+01   2.4390400e+02
   3.4542600e+02   1.6179000e+02   2.5569000e+02
   3.0130400e+02   1.2988800e+02   2.0701600e+02
   2.7156600e+02   1.5447600e+02   1.8668300e+02
   3.5739900e+02   1.1702600e+02   2.6539900e+02
   3.5023600e+02   1.5156500e+02   2.1139700e+02
   3.2038500e+02   1.0392100e+02   2.4128600e+02
   3.3525500e+02   1.3621500e+02   2.4439000e+02
   2.7200500e+02   9.2340000e+01   1.9075600e+02
   2.7357300e+02   1.1658100e+02   2.5496200e+02
   3.4915100e+02   1.4645000e+02   2.5949100e+02
   3.5873100e+02   1.2780000e+02   2.5385800e+02
   3.1114800e+02   1.0480500e+02   2.5220700e+02
   3.5890700e+02   9.1549000e+01   2.6346600e+02
   3.0846400e+02   1.3874600e+02   2.3149200e+02
   2.7072800e+02   9.0654000e+01   1.8496000e+02
   3.4464300e+02   1.0120400e+02   1.8276300e+02
   3.5806900e+02   1.0127800e+02   2.6810500e+02
   3.2556500e+02   1.0620100e+02   2.4990800e+02
   2.7601200e+02   9.3550000e+01   2.3529900e+02
   2.9627700e+02   9.8645000e+01   1.9698500e+02
   2.7984100e+02   1.6145200e+02   1.9838100e+02
   3.5001600e+02   1.2489900e+02   1.8230400e+02
   3.2075000e+02   1.0813100e+02   2.4476100e+02
   3.3461800e+02   1.1088500e+02   2.6618500e+02
   3.5474000e+02   1.1854800e+02   1.9168700e+02
   3.5390500e+02   1.6511200e+02   1.8070600e+02
   3.4886000e+02   1.5819200e+02   2.5918600e+02
   3.5736900e+02   1.1573600e+02   1.8479300e+02
   3.5267700e+02   1.2203300e+02   1.8731200e+02
   2.8985600e+02   1.5714700e+02   2.0738700e+02
   3.4129000e+02   1.7346400e+02   2.3855100e+02
   3.2980300e+02   1.1916500e+02   1.9139600e+02
   2.7292200e+02   1.4353500e+02   2.0621700e+02
   3.5235300e+02   1.6804200e+02   2.5789300e+02
   3.4014400e+02   9.7834000e+01   2.0137700e+02
   3.5905800e+02   1.1741100e+02   1.8797600e+02
   2.7034600e+02   9.4939000e+01   1.8797100e+02
   3.5937100e+02   1.0429600e+02   2.1008400e+02
   2.7941600e+02   1.0733800e+02   2.4056900e+02
   2.7404000e+02   9.1247000e+01   2.5788700e+02
   3.2783400e+02   1.1116200e+02   2.5084500e+02
   3.4756000e+02   1.6865700e+02   2.6458400e+02
   3.5556700e+02   1.1733000e+02   2.6903900e+02
   3.5072700e+02   1.7172700e+02   2.5931000e+02
   3.4646400e+02   1.6399600e+02   2.6280600e+02
   2.9793900e+02   1.6825500e+02   2.0140800e+02
   2.7631500e+02   9.3738000e+01   1.9775700e+02
   2.8674100e+02   1.4615600e+02   2.0314100e+02
   2.7865500e+02   1.0089400e+02   2.1050700e+02
   3.4739800e+02   1.7261200e+02   2.5544300e+02
   2.8745000e+02   1.1155200e+02   2.3095300e+02
   3.0425400e+02   1.0761000e+02   2.4459100e+02
   3.1681400e+02   1.5648600e+02   2.2500700e+02
   3.1661600e+02   1.2046700e+02   2.4629100e+02
   3.5603100e+02   1.1687300e+02   2.5842800e+02
   2.7956900e+02   9.3610000e+01   1.8889400e+02
   2.7975600e+02   1.5244800e+02   2.4555200e+02
   3.5651200e+02   1.3499100e+02   1.9977900e+02
   2.9146000e+02   1.6675200e+02   2.2018100e+02
   2.7002200e+02   9.4632000e+01   2.0198400e+02
   3.5968400e+02   9.9551000e+01   2.6648200e+02
   2.7984400e+02   9.0757000e+01   2.0116900e+02
   3.5144100e+02   1.0921900e+02   1.9134600e+02
   3.3924900e+02   9.8625000e+01   1.9436500e+02
   2.8159600e+02   9.4542000e+01   1.8079400e+02
   3.4946900e+02   1.0409700e+02   2.6885700e+02
   2.7556500e+02   9.9443000e+01   2.0336900e+02
   3.0333100e+02   9.7786000e+01   2.1345700e+02
   3.5967600e+02   1.1319200e+02   2.5656100e+02
   3.5418800e+02   1.4972100e+02   2.6093100e+02
   2.7090100e+02   9.0831000e+01   1.8344700e+02
   3.1657800e+02   1.1788900e+02   1.9930900e+02
   2.7745700e+02   1.2762100e+02   2.1720400e+02
   3.4827200e+02   1.6208400e+02   2.5742300e+02
   3.5953300e+02   1.7656100e+02   1.8187300e+02
   3.4544300e+02   1.4847500e+02   2.3784500e+02
   3.5108200e+02   1.2441000e+02   2.5896900e+02
   3.1032900e+02   1.0969000e+02   2.4922400e+02
   3.4849700e+02   1.6954500e+02   2.6598200e+02
   3.1060900e+02   1.0242300e+02   2.5458000e+02
   2.7364500e+02   9.0096000e+01   2.6323500e+02
   3.4971400e+02   1.6441300e+02   2.2137300e+02
   2.7795200e+02   9.6104000e+01   2.5866200e+02
   2.8940000e+02   1.7363500e+02   2.0572500e+02
   2.7617200e+02   9.0138000e+01   2.6448200e+02
   3.5906100e+02   1.0131700e+02   2.6717900e+02
   3.2994900e+02   9.5590000e+01   2.5770300e+02
   3.3632600e+02   1.5330700e+02   2.5335500e+02
   3.4004500e+02   1.1073900e+02   2.6004900e+02
   3.4735400e+02   9.5833000e+01   2.6740700e+02
   3.5826400e+02   9.7509000e+01   1.8535600e+02
   1.2927700e+02   1.0114600e+02   2.5278700e+02
   9.7309000e+01   1.0601500e+02   2.0456100e+02
   1.1082800e+02   1.3912900e+02   1.9977600e+02
   9.0428000e+01   9.3396000e+01   2.3572700e+02
   1.5651300e+02   1.0683000e+02   2.6576700e+02
   1.7016700e+02   9.2328000e+01   1.9996000e+02
   1.3077400e+02   1.3842300e+02   2.0540100e+02
   9.6004000e+01   1.4483500e+02   1.8898400e+02
   1.3937700e+02   1.0746500e+02   2.0991400e+02
   1.0222300e+02   1.3228200e+02   2.1393800e+02
   9.4180000e+01   1.7922500e+02   1.9713400e+02
   9.0316000e+01   9.3063000e+01   2.6349000e+02
   1.6580200e+02   1.5444700e+02   1.8431200e+02
   1.2246000e+02   9.4137000e+01   2.5247100e+02
   1.5994900e+02   1.4618800e+02   2.0267600e+02
   9.1643000e+01   1.1593600e+02   2.0189100e+02
   1.7126800e+02   1.2685600e+02   2.4771100e+02
   1.2073800e+02   1.0876400e+02   2.5147600e+02
   1.6411600e+02   1.6127100e+02   2.4863400e+02
   1.7268800e+02   1.4869300e+02   2.5749200e+02
   1.6316600e+02   1.2827500e+02   1.8917400e+02
   1.5830700e+02   1.2755700e+02   2.4217900e+02
   1.7271900e+02   9.7735000e+01   2.6975300e+02
   1.6296000e+02   1.6636800e+02   2.6493000e+02
   1.5547200e+02   1.2069600e+02   2.5594300e+02
   1.6394600e+02   1.1394000e+02   2.0802100e+02
   9.5048000e+01   9.1212000e+01   1.8096400e+02
   9.0049000e+01   9.3023000e+01   2.6586400e+02
   9.1173000e+01   9.1340000e+01   2.0096500e+02
   9.4246000e+01   9.0414000e+01   2.4208600e+02
   1.7680300e+02   9.1044000e+01   2.3417800e+02
   1.4498800e+02   1.0406800e+02   1.8308700e+02
   1.3680300e+02   9.8185000e+01   2.0829100e+02
   1.3363100e+02   9.5309000e+01   2.4390400e+02
   1.6542600e+02   1.6179000e+02   2.5569000e+02
   1.2130400e+02   1.2988800e+02   2.0701600e+02
   9.1566000e+01   1.5447600e+02   1.8668300e+02
   1.7739900e+02   1.1702600e+02   2.6539900e+02
   1.7023600e+02   1.5156500e+02   2.1139700e+02
   1.4038500e+02   1.0392100e+02   2.4128600e+02
   1.5525500e+02   1.3621500e+02   2.4439000e+02
   9.2005000e+01   9.2340000e+01   1.9075600e+02
   9.3573000e+01   1.1658100e+02   2.5496200e+02
   1.6915100e+02   1.4645000e+02   2.5949100e+02
   1.7873100e+02   1.2780000e+02   2.5385800e+02
   1.3114800e+02   1.0480500e+02   2.5220700e+02
   1.7890700e+02   9.1549000e+01   2.6346600e+02
   1.2846400e+02   1.3874600e+02   2.3149200e+02
   9.0728000e+01   9.0654000e+01   1.8496000e+02
   1.6464300e+02   1.0120400e+02   1.8276300e+02
   1.7806900e+02   1.0127800e+02   2.6810500e+02
   1.4556500e+02   1.0620100e+02   2.4990800e+02
   9.6012000e+01   9.3550000e+01   2.3529900e+02
   1.1627700e+02   9.8645000e+01   1.9698500e+02
   9.9841000e+01   1.6145200e+02   1.9838100e+02
   1.7001600e+02   1.2489900e+02   1.8230400e+02
   1.4075000e+02   1.0813100e+02   2.4476100e+02
   1.5461800e+02   1.1088500e+02   2.6618500e+02
   1.7474000e+02   1.1854800e+02   1.9168700e+02
   1.7390500e+02   1.6511200e+02   1.8070600e+02
   1.6886000e+02   1.5819200e+02   2.5918600e+02
   1.7736900e+02   1.1573600e+02   1.8479300e+02
   1.7267700e+02   1.2203300e+02   1.8731200e+02
   1.0985600e+02   1.5714700e+02   2.0738700e+02
   1.6129000e+02   1.7346400e+02   2.3855100e+02
   1.4980300e+02   1.1916500e+02   1.9139600e+02
   9.2922000e+01   1.4353500e+02   2.0621700e+02
   1.7235300e+02   1.6804200e+02   2.5789300e+02
   1.6014400e+02   9.7834000e+01   2.0137700e+02
   1.7905800e+02   1.1741100e+02   1.8797600e+02
   9.0346000e+01   9.4939000e+01   1.8797100e+02
   1.7937100e+02   1.0429600e+02   2.1008400e+02
   9.9416000e+01   1.0733800e+02   2.4056900e+02
   9.4040000e+01   9.1247000e+01   2.5788700e+02
   1.4783400e+02   1.1116200e+02   2.5084500e+02
   1.6756000e+02   1.6865700e+02   2.6458400e+02
   1.7556700e+02   1.1733000e+02   2.6903900e+02
   1.7072700e+02   1.7172700e+02   2.5931000e+02
   1.6646400e+02   1.6399600e+02   2.6280600e+02
   1.1793900e+02   1.6825500e+02   2.0140800e+02
   9.6315000e+01   9.3738000e+01   1.9775700e+02
   1.0674100e+02   1.4615600e+02   2.0314100e+02
   9.8655000e+01   1.0089400e+02   2.1050700e+02
   1.6739800e+02   1.7261200e+02   2.5544300e+02
   1.0745000e+02   1.1155200e+02   2.3095300e+02
   1.2425400e+02   1.0761000e+02   2.4459100e+02
   1.3681400e+02   1.5648600e+02   2.2500700e+02
   1.3661600e+02   1.2046700e+02   2.4629100e+02
   1.7603100e+02   1.1687300e+02   2.5842800e+02
   9.9569000e+01   9.3610000e+01   1.8889400e+02
   9.9756000e+01   1.5244800e+02   2.4555200e+02
   1.7651200e+02   1.3499100e+02   1.9977900e+02
   1.1146000e+02   1.6675200e+02   2.2018100e+02
   9.0022000e+01   9.4632000e+01   2.0198400e+02
   1.7968400e+02   9.9551000e+01   2.6648200e+02
   9.9844000e+01   9.0757000e+01   2.0116900e+02
   1.7144100e+02   1.0921900e+02   1.9134600e+02
   1.5924900e+02   9.8625000e+01   1.9436500e+02
   1.0159600e+02   9.4542000e+01   1.8079400e+02
   1.6946900e+02   1.0409700e+02   2.6885700e+02
   9.5565000e+01   9.9443000e+01   2.0336900e+02
   1.2333100e+02   9.7786000e+01   2.1345700e+02
   1.7967600e+02   1.1319200e+02   2.5656100e+02
   1.7418800e+02   1.4972100e+02   2.6093100e+02
   9.0901000e+01   9.0831000e+01   1.8344700e+02
   1.3657800e+02   1.1788900e+02   1.9930900e+02
   9.7457000e+01   1.2762100e+02   2.1720400e+02
   1.6827200e+02   1.6208400e+02   2.5742300e+02
   1.7953300e+02   1.7656100e+02   1.8187300e+02
   1.6544300e+02   1.4847500e+02   2.3784500e+02
   1.7108200e+02   1.2441000e+02   2.5896900e+02
   1.3032900e+02   1.0969000e+02   2.4922400e+02
   1.6849700e+02   1.6954500e+02   2.6598200e+02
   1.3060900e+02   1.0242300e+02   2.5458000e+02
   9.3645000e+01   9.0096000e+01   2.6323500e+02
   1.6971400e+02   1.6441300e+02   2.2137300e+02
   9.7952000e+01   9.6104000e+01   2.5866200e+02
   1.0940000e+02   1.7363500e+02   2.0572500e+02
   9.6172000e+01   9.0138000e+01   2.6448200e+02
   1.7906100e+02   1.0131700e+02   2.6717900e+02
   1.4994900e+02   9.5590000e+01   2.5770300e+02
   1.5632600e+02   1.5330700e+02   2.5335500e+02
   1.6004500e+02   1.1073900e+02   2.6004900e+02
   1.6735400e+02   9.5833000e+01   2.6740700e+02
   1.7826400e+02   9.7509000e+01   1.8535600e+02
